-1.0 25 1978.5 1986.737705 1999.691257 2006.959016 0.78 5.93 6.5 6.45
-1.0 50 1978.5 1986.737705 1999.691257 2006.959016 0.78 5.93 6.5 6.45
-1.0 75 1978.5 1986.737705 1999.691257 2006.959016 0.78 5.93 6.5 6.45
-1.0 100 1978.5 1986.737705 1999.691257 2006.959016 0.78 5.93 6.5 6.45
-1.0 125 1978.5 1986.737705 1999.691257 2006.959016 0.78 5.93 6.5 6.45
-0.9 25 1978.5 1986.737705 1999.691257 2006.959016 0.78 5.05 5.64 5.38
-0.9 50 1978.5 1986.737705 1999.691257 2006.959016 0.78 5.05 5.64 5.38
-0.9 75 1978.5 1986.737705 1999.691257 2006.959016 0.78 5.05 5.64 5.38
-0.9 100 1978.5 1986.737705 1999.691257 2006.959016 0.78 5.05 5.64 5.38
-0.9 125 1978.5 1986.737705 1999.691257 2006.959016 0.78 5.05 5.64 5.38
-0.8 25 1978.5 1986.737705 1999.691257 2006.959016 0.78 4.17 4.66 5.06
-0.8 50 1978.5 1986.737705 1999.691257 2006.959016 0.78 4.17 4.66 5.06
-0.8 75 1978.5 1986.737705 1999.691257 2006.959016 0.78 4.17 4.66 5.06
-0.8 100 1978.5 1986.737705 1999.691257 2006.959016 0.78 4.17 4.66 5.06
-0.8 125 1978.5 1986.737705 1999.691257 2006.959016 0.78 4.17 4.66 5.06
-0.7 25 1978.5 1986.737705 1999.691257 2006.959016 0.78 2.84 3.65 4.8
-0.7 50 1978.5 1986.737705 1999.691257 2006.959016 0.78 2.84 3.65 4.8
-0.7 75 1978.5 1986.737705 1999.691257 2006.959016 0.78 2.84 3.65 4.8
-0.7 100 1978.5 1986.737705 1999.691257 2006.959016 0.78 2.84 3.65 4.8
-0.7 125 1978.5 1986.737705 1999.691257 2006.959016 0.78 2.84 3.65 4.8
-0.6 25 1978.5 1986.737705 1999.691257 2006.959016 0.78 2.84 3.21 3.45
-0.6 50 1978.5 1986.737705 1999.691257 2006.959016 0.78 2.84 3.21 3.45
-0.6 75 1978.5 1986.737705 1999.691257 2006.959016 0.78 2.84 3.21 3.45
-0.6 100 1978.5 1986.737705 1999.691257 2006.959016 0.78 2.84 3.21 3.45
-0.6 125 1978.5 1986.737705 1999.691257 2006.959016 0.78 2.84 3.21 3.45
-0.5 25 1978.5 1986.737705 1999.691257 2006.959016 0.78 2.84 2.81 2.72
-0.5 50 1978.5 1986.737705 1999.691257 2006.959016 0.78 2.84 2.81 2.72
-0.5 75 1978.5 1986.737705 1999.691257 2006.959016 0.78 2.84 2.81 2.72
-0.5 100 1978.5 1986.737705 1999.691257 2006.959016 0.78 2.84 2.81 2.72
-0.5 125 1978.5 1986.737705 1999.691257 2006.959016 0.78 2.84 2.81 2.72
-0.4 25 1978.5 1986.737705 1999.691257 2006.959016 0.78 2.18 2.75 2.56
-0.4 50 1978.5 1986.737705 1999.691257 2006.959016 0.78 2.18 2.75 2.56
-0.4 75 1978.5 1986.737705 1999.691257 2006.959016 0.78 2.18 2.75 2.56
-0.4 100 1978.5 1986.737705 1999.691257 2006.959016 0.78 2.18 2.75 2.56
-0.4 125 1978.5 1986.737705 1999.691257 2006.959016 0.78 2.18 2.75 2.56
-0.3 25 1978.5 1986.737705 1999.691257 2006.959016 0.0 1.81 2.47 2.21
-0.3 50 1978.5 1986.737705 1999.691257 2006.959016 0.0 1.81 2.47 2.21
-0.3 75 1978.5 1986.737705 1999.691257 2006.959016 0.0 1.81 2.47 2.21
-0.3 100 1978.5 1986.737705 1999.691257 2006.959016 0.0 1.81 2.47 2.21
-0.3 125 1978.5 1986.737705 1999.691257 2006.959016 0.0 1.81 2.47 2.21
-0.2 25 1978.5 1986.737705 1999.691257 2006.959016 0.0 1.18 2.29 1.85
-0.2 50 1978.5 1986.737705 1999.691257 2006.959016 0.0 1.18 2.29 1.85
-0.2 75 1978.5 1986.737705 1999.691257 2006.959016 0.0 1.18 2.29 1.85
-0.2 100 1978.5 1986.737705 1999.691257 2006.959016 0.0 1.18 2.29 1.85
-0.2 125 1978.5 1986.737705 1999.691257 2006.959016 0.0 1.18 2.29 1.85
-0.1 25 1978.5 1986.737705 1999.691257 2006.959016 0.0 1.18 0.45 1.7
-0.1 50 1978.5 1986.737705 1999.691257 2006.959016 0.0 1.18 0.45 1.7
-0.1 75 1978.5 1986.737705 1999.691257 2006.959016 0.0 1.18 0.45 1.7
-0.1 100 1978.5 1986.737705 1999.691257 2006.959016 0.0 1.18 0.45 1.7
-0.1 125 1978.5 1986.737705 1999.691257 2006.959016 0.0 1.18 0.45 1.7
0.0 25 1978.5 1986.737705 1999.691257 2006.959016 0.0 0.03 0.13 1.04
0.0 50 1978.5 1986.737705 1999.691257 2006.959016 0.0 0.03 0.13 1.04
0.0 75 1978.5 1986.737705 1999.691257 2006.959016 0.0 0.03 0.13 1.04
0.0 100 1978.5 1986.737705 1999.691257 2006.959016 0.0 0.03 0.13 1.04
0.0 125 1978.5 1986.737705 1999.691257 2006.959016 0.0 0.03 0.13 1.04
0.1 25 1978.5 1986.737705 1999.691257 2006.959016 0.0 0.03 0.08 0.71
0.1 50 1978.5 1986.737705 1999.691257 2006.959016 0.0 0.03 0.08 0.71
0.1 75 1978.5 1986.737705 1999.691257 2006.959016 0.0 0.03 0.08 0.71
0.1 100 1978.5 1986.737705 1999.691257 2006.959016 0.0 0.03 0.08 0.71
0.1 125 1978.5 1986.737705 1999.691257 2006.959016 0.0 0.03 0.08 0.71
0.2 25 1978.5 1986.737705 1999.691257 2006.959016 0.0 0.03 0.08 0.71
0.2 50 1978.5 1986.737705 1999.691257 2006.959016 0.0 0.03 0.08 0.71
0.2 75 1978.5 1986.737705 1999.691257 2006.959016 0.0 0.03 0.08 0.71
0.2 100 1978.5 1986.737705 1999.691257 2006.959016 0.0 0.03 0.08 0.71
0.2 125 1978.5 1986.737705 1999.691257 2006.959016 0.0 0.03 0.08 0.71
