-1.0 5 1992.467213 1999.76776 2010.234973 2019.448087 1.94 2.51 3.54 0.64
-1.0 10 1992.467213 1999.76776 2010.234973 2019.448087 1.94 2.51 3.54 0.64
-1.0 15 1992.467213 1999.76776 2010.234973 2019.448087 1.94 2.51 3.54 0.64
-1.0 20 1992.467213 1999.76776 2010.234973 2019.448087 1.94 2.51 3.54 0.64
-1.0 25 1992.467213 1999.76776 2010.234973 2019.448087 1.94 2.51 3.54 0.64
-0.9 5 1992.467213 1999.76776 2010.234973 2019.448087 1.75 2.5 3.54 0.64
-0.9 10 1992.467213 1999.76776 2010.234973 2019.448087 1.75 2.5 3.54 0.64
-0.9 15 1992.467213 1999.76776 2010.234973 2019.448087 1.75 2.5 3.54 0.64
-0.9 20 1992.467213 1999.76776 2010.234973 2019.448087 1.75 2.5 3.54 0.64
-0.9 25 1992.467213 1999.76776 2010.234973 2019.448087 1.75 2.5 3.54 0.64
-0.8 5 1992.467213 1999.76776 2010.234973 2019.448087 1.75 2.48 1.77 0.63
-0.8 10 1992.467213 1999.76776 2010.234973 2019.448087 1.75 2.48 1.77 0.63
-0.8 15 1992.467213 1999.76776 2010.234973 2019.448087 1.75 2.48 1.77 0.63
-0.8 20 1992.467213 1999.76776 2010.234973 2019.448087 1.75 2.48 1.77 0.63
-0.8 25 1992.467213 1999.76776 2010.234973 2019.448087 1.75 2.48 1.77 0.63
-0.7 5 1992.467213 1999.76776 2010.234973 2019.448087 1.66 2.18 1.77 0.61
-0.7 10 1992.467213 1999.76776 2010.234973 2019.448087 1.66 2.18 1.77 0.61
-0.7 15 1992.467213 1999.76776 2010.234973 2019.448087 1.66 2.18 1.77 0.61
-0.7 20 1992.467213 1999.76776 2010.234973 2019.448087 1.66 2.18 1.77 0.61
-0.7 25 1992.467213 1999.76776 2010.234973 2019.448087 1.66 2.18 1.77 0.61
-0.6 5 1992.467213 1999.76776 2010.234973 2019.448087 1.66 2.14 1.77 0.61
-0.6 10 1992.467213 1999.76776 2010.234973 2019.448087 1.66 2.14 1.77 0.61
-0.6 15 1992.467213 1999.76776 2010.234973 2019.448087 1.66 2.14 1.77 0.61
-0.6 20 1992.467213 1999.76776 2010.234973 2019.448087 1.66 2.14 1.77 0.61
-0.6 25 1992.467213 1999.76776 2010.234973 2019.448087 1.66 2.14 1.77 0.61
-0.5 5 1992.467213 1999.76776 2010.234973 2019.448087 1.66 2.14 1.77 0.59
-0.5 10 1992.467213 1999.76776 2010.234973 2019.448087 1.66 2.14 1.77 0.59
-0.5 15 1992.467213 1999.76776 2010.234973 2019.448087 1.66 2.14 1.77 0.59
-0.5 20 1992.467213 1999.76776 2010.234973 2019.448087 1.66 2.14 1.77 0.59
-0.5 25 1992.467213 1999.76776 2010.234973 2019.448087 1.66 2.14 1.77 0.59
-0.4 5 1992.467213 1999.76776 2010.234973 2019.448087 1.64 1.88 1.57 0.59
-0.4 10 1992.467213 1999.76776 2010.234973 2019.448087 1.64 1.88 1.57 0.59
-0.4 15 1992.467213 1999.76776 2010.234973 2019.448087 1.64 1.88 1.57 0.59
-0.4 20 1992.467213 1999.76776 2010.234973 2019.448087 1.64 1.88 1.57 0.59
-0.4 25 1992.467213 1999.76776 2010.234973 2019.448087 1.64 1.88 1.57 0.59
-0.3 5 1992.467213 1999.76776 2010.234973 2019.448087 1.64 1.63 1.57 0.55
-0.3 10 1992.467213 1999.76776 2010.234973 2019.448087 1.64 1.63 1.57 0.55
-0.3 15 1992.467213 1999.76776 2010.234973 2019.448087 1.64 1.63 1.57 0.55
-0.3 20 1992.467213 1999.76776 2010.234973 2019.448087 1.64 1.63 1.57 0.55
-0.3 25 1992.467213 1999.76776 2010.234973 2019.448087 1.64 1.63 1.57 0.55
-0.2 5 1992.467213 1999.76776 2010.234973 2019.448087 1.64 1.52 1.53 0.55
-0.2 10 1992.467213 1999.76776 2010.234973 2019.448087 1.64 1.52 1.53 0.55
-0.2 15 1992.467213 1999.76776 2010.234973 2019.448087 1.64 1.52 1.53 0.55
-0.2 20 1992.467213 1999.76776 2010.234973 2019.448087 1.64 1.52 1.53 0.55
-0.2 25 1992.467213 1999.76776 2010.234973 2019.448087 1.64 1.52 1.53 0.55
-0.1 5 1992.467213 1999.76776 2010.234973 2019.448087 1.54 1.32 1.2 0.54
-0.1 10 1992.467213 1999.76776 2010.234973 2019.448087 1.54 1.32 1.2 0.54
-0.1 15 1992.467213 1999.76776 2010.234973 2019.448087 1.54 1.32 1.2 0.54
-0.1 20 1992.467213 1999.76776 2010.234973 2019.448087 1.54 1.32 1.2 0.54
-0.1 25 1992.467213 1999.76776 2010.234973 2019.448087 1.54 1.32 1.2 0.54
0.0 5 1992.467213 1999.76776 2010.234973 2019.448087 1.54 1.27 1.16 0.51
0.0 10 1992.467213 1999.76776 2010.234973 2019.448087 1.54 1.27 1.16 0.51
0.0 15 1992.467213 1999.76776 2010.234973 2019.448087 1.54 1.27 1.16 0.51
0.0 20 1992.467213 1999.76776 2010.234973 2019.448087 1.54 1.27 1.16 0.51
0.0 25 1992.467213 1999.76776 2010.234973 2019.448087 1.54 1.27 1.16 0.51
0.1 5 1992.467213 1999.76776 2010.234973 2019.448087 1.48 1.16 1.06 0.52
0.1 10 1992.467213 1999.76776 2010.234973 2019.448087 1.48 1.16 1.06 0.52
0.1 15 1992.467213 1999.76776 2010.234973 2019.448087 1.48 1.16 1.06 0.52
0.1 20 1992.467213 1999.76776 2010.234973 2019.448087 1.48 1.16 1.06 0.52
0.1 25 1992.467213 1999.76776 2010.234973 2019.448087 1.48 1.16 1.06 0.52
0.2 5 1992.467213 1999.76776 2010.234973 2019.448087 1.44 1.16 1.04 0.46
0.2 10 1992.467213 1999.76776 2010.234973 2019.448087 1.44 1.16 1.04 0.46
0.2 15 1992.467213 1999.76776 2010.234973 2019.448087 1.44 1.16 1.04 0.46
0.2 20 1992.467213 1999.76776 2010.234973 2019.448087 1.44 1.16 1.04 0.46
0.2 25 1992.467213 1999.76776 2010.234973 2019.448087 1.44 1.16 1.04 0.46
