0.0 0.0
1.56 9.268292682926829
3.12 11.707317073170733
4.68 13.170731707317074
6.24 14.634146341463413
7.800000000000001 16.097560975609756
9.36 18.536585365853657
10.92 20.48780487804878
12.48 21.951219512195124
14.040000000000001 24.390243902439025
15.600000000000001 26.82926829268293
17.16 29.756097560975608
18.72 30.73170731707317
20.28 33.170731707317074
21.84 33.170731707317074
23.400000000000002 35.12195121951219
24.96 37.5609756097561
26.52 38.53658536585366
28.080000000000002 40.0
29.64 40.97560975609756
31.200000000000003 41.46341463414634
32.76 42.4390243902439
34.32 46.82926829268293
35.88 47.3170731707317
37.44 49.26829268292683
39.0 49.75609756097561
40.56 51.21951219512195
42.120000000000005 55.1219512195122
43.68 55.60975609756098
45.24 57.56097560975609
46.800000000000004 57.56097560975609
48.36 59.02439024390244
49.92 59.512195121951216
51.480000000000004 59.512195121951216
53.04 60.48780487804878
54.6 60.48780487804878
56.160000000000004 61.46341463414634
57.72 61.951219512195124
59.28 64.39024390243902
60.84 64.39024390243902
62.400000000000006 65.3658536585366
63.96 65.3658536585366
65.52 65.85365853658537
67.08 66.82926829268293
68.64 66.82926829268293
70.2 68.29268292682927
71.76 69.7560975609756
73.32000000000001 71.70731707317073
74.88 71.70731707317073
76.44 73.17073170731707
78.0 73.17073170731707
79.56 73.65853658536585
81.12 74.14634146341463
82.68 75.1219512195122
84.24000000000001 75.1219512195122
85.8 76.58536585365854
87.36 76.58536585365854
88.92 77.07317073170732
90.48 77.5609756097561
92.04 79.02439024390245
93.60000000000001 79.51219512195122
95.16 80.48780487804879
96.72 80.48780487804879
98.28 81.95121951219512
99.84 82.4390243902439
101.4 82.92682926829268
102.96000000000001 83.41463414634146
104.52000000000001 84.39024390243902
106.08 85.36585365853658
107.64 85.85365853658537
109.2 87.3170731707317
110.76 87.3170731707317
112.32000000000001 87.3170731707317
113.88000000000001 87.3170731707317
115.44 87.3170731707317
117.0 87.3170731707317
118.56 87.3170731707317
120.12 87.3170731707317
121.68 87.3170731707317
123.24000000000001 87.3170731707317
124.80000000000001 87.8048780487805
126.36 88.29268292682927
127.92 88.29268292682927
129.48000000000002 89.26829268292683
131.04 89.26829268292683
132.6 89.26829268292683
134.16 89.26829268292683
135.72 89.26829268292683
137.28 89.26829268292683
138.84 89.75609756097562
140.4 89.75609756097562
141.96 89.75609756097562
143.52 90.2439024390244
145.08 90.73170731707317
146.64000000000001 90.73170731707317
148.20000000000002 91.21951219512195
149.76 91.21951219512195
151.32 91.21951219512195
152.88 91.21951219512195
154.44 91.70731707317074
156.0 91.70731707317074
157.56 91.70731707317074
159.12 91.70731707317074
160.68 91.70731707317074
162.24 92.19512195121952
163.8 92.19512195121952
165.36 92.19512195121952
166.92000000000002 92.6829268292683
168.48000000000002 92.6829268292683
170.04 92.6829268292683
171.6 93.17073170731707
173.16 93.17073170731707
174.72 93.17073170731707
176.28 93.65853658536587
177.84 94.14634146341463
179.4 94.6341463414634
180.96 94.6341463414634
182.52 95.1219512195122
184.08 95.1219512195122
185.64000000000001 95.1219512195122
187.20000000000002 95.60975609756098
188.76000000000002 95.60975609756098
190.32 96.09756097560975
191.88 96.09756097560975
193.44 96.09756097560975
195.0 96.09756097560975
196.56 96.09756097560975
198.12 96.09756097560975
199.68 96.09756097560975
201.24 96.09756097560975
202.8 96.09756097560975
204.36 96.09756097560975
205.92000000000002 96.58536585365853
207.48000000000002 96.58536585365853
209.04000000000002 96.58536585365853
210.6 97.07317073170731
212.16 97.07317073170731
213.72 97.07317073170731
215.28 97.07317073170731
216.84 97.07317073170731
218.4 97.07317073170731
219.96 97.07317073170731
221.52 97.07317073170731
223.08 97.07317073170731
224.64000000000001 97.07317073170731
226.20000000000002 97.5609756097561
227.76000000000002 97.5609756097561
229.32000000000002 97.5609756097561
230.88 97.5609756097561
232.44 97.5609756097561
234.0 97.5609756097561
235.56 98.04878048780488
237.12 98.04878048780488
238.68 98.04878048780488
240.24 98.04878048780488
241.8 98.04878048780488
243.36 98.04878048780488
244.92000000000002 98.04878048780488
246.48000000000002 98.04878048780488
248.04000000000002 98.04878048780488
249.60000000000002 98.04878048780488
251.16 98.04878048780488
252.72 98.04878048780488
254.28 98.04878048780488
255.84 98.04878048780488
257.40000000000003 98.04878048780488
258.96000000000004 98.53658536585365
260.52 98.53658536585365
262.08 98.53658536585365
263.64 98.53658536585365
265.2 98.53658536585365
266.76 98.53658536585365
268.32 98.53658536585365
269.88 98.53658536585365
271.44 98.53658536585365
273.0 98.53658536585365
274.56 98.53658536585365
276.12 98.53658536585365
277.68 98.53658536585365
279.24 98.53658536585365
280.8 98.53658536585365
282.36 99.02439024390245
283.92 99.02439024390245
285.48 99.02439024390245
287.04 99.02439024390245
288.6 99.02439024390245
290.16 99.02439024390245
291.72 99.02439024390245
293.28000000000003 99.02439024390245
294.84000000000003 99.02439024390245
296.40000000000003 99.02439024390245
297.96000000000004 99.02439024390245
299.52 99.02439024390245
301.08 99.02439024390245
302.64 99.02439024390245
304.2 99.02439024390245
305.76 99.02439024390245
307.32 99.02439024390245
308.88 99.02439024390245
310.44 99.02439024390245
312.0 99.51219512195122
