-1.0 25 1987.081967 1994.415301 2007.942623 2010.644809 1.12 4.38 3.28 3.04
-1.0 50 1987.081967 1994.415301 2007.942623 2010.644809 1.12 4.38 3.28 3.04
-1.0 75 1987.081967 1994.415301 2007.942623 2010.644809 1.12 4.38 3.28 3.04
-1.0 100 1987.081967 1994.415301 2007.942623 2010.644809 1.12 4.38 3.28 3.04
-1.0 125 1987.081967 1994.415301 2007.942623 2010.644809 1.12 4.38 3.28 3.04
-0.9 25 1987.081967 1994.415301 2007.942623 2010.644809 1.12 3.25 3.17 3.0
-0.9 50 1987.081967 1994.415301 2007.942623 2010.644809 1.12 3.25 3.17 3.0
-0.9 75 1987.081967 1994.415301 2007.942623 2010.644809 1.12 3.25 3.17 3.0
-0.9 100 1987.081967 1994.415301 2007.942623 2010.644809 1.12 3.25 3.17 3.0
-0.9 125 1987.081967 1994.415301 2007.942623 2010.644809 1.12 3.25 3.17 3.0
-0.8 25 1987.081967 1994.415301 2007.942623 2010.644809 0.7 2.61 2.25 2.34
-0.8 50 1987.081967 1994.415301 2007.942623 2010.644809 0.7 2.61 2.25 2.34
-0.8 75 1987.081967 1994.415301 2007.942623 2010.644809 0.7 2.61 2.25 2.34
-0.8 100 1987.081967 1994.415301 2007.942623 2010.644809 0.7 2.61 2.25 2.34
-0.8 125 1987.081967 1994.415301 2007.942623 2010.644809 0.7 2.61 2.25 2.34
-0.7 25 1987.081967 1994.415301 2007.942623 2010.644809 0.3 2.57 2.18 2.31
-0.7 50 1987.081967 1994.415301 2007.942623 2010.644809 0.3 2.57 2.18 2.31
-0.7 75 1987.081967 1994.415301 2007.942623 2010.644809 0.3 2.57 2.18 2.31
-0.7 100 1987.081967 1994.415301 2007.942623 2010.644809 0.3 2.57 2.18 2.31
-0.7 125 1987.081967 1994.415301 2007.942623 2010.644809 0.3 2.57 2.18 2.31
-0.6 25 1987.081967 1994.415301 2007.942623 2010.644809 0.3 2.35 1.74 2.14
-0.6 50 1987.081967 1994.415301 2007.942623 2010.644809 0.3 2.35 1.74 2.14
-0.6 75 1987.081967 1994.415301 2007.942623 2010.644809 0.3 2.35 1.74 2.14
-0.6 100 1987.081967 1994.415301 2007.942623 2010.644809 0.3 2.35 1.74 2.14
-0.6 125 1987.081967 1994.415301 2007.942623 2010.644809 0.3 2.35 1.74 2.14
-0.5 25 1987.081967 1994.415301 2007.942623 2010.644809 0.0 2.32 1.42 1.79
-0.5 50 1987.081967 1994.415301 2007.942623 2010.644809 0.0 2.32 1.42 1.79
-0.5 75 1987.081967 1994.415301 2007.942623 2010.644809 0.0 2.32 1.42 1.79
-0.5 100 1987.081967 1994.415301 2007.942623 2010.644809 0.0 2.32 1.42 1.79
-0.5 125 1987.081967 1994.415301 2007.942623 2010.644809 0.0 2.32 1.42 1.79
-0.4 25 1987.081967 1994.415301 2007.942623 2010.644809 0.0 2.13 1.12 1.38
-0.4 50 1987.081967 1994.415301 2007.942623 2010.644809 0.0 2.13 1.12 1.38
-0.4 75 1987.081967 1994.415301 2007.942623 2010.644809 0.0 2.13 1.12 1.38
-0.4 100 1987.081967 1994.415301 2007.942623 2010.644809 0.0 2.13 1.12 1.38
-0.4 125 1987.081967 1994.415301 2007.942623 2010.644809 0.0 2.13 1.12 1.38
-0.3 25 1987.081967 1994.415301 2007.942623 2010.644809 0.0 0.82 1.02 1.11
-0.3 50 1987.081967 1994.415301 2007.942623 2010.644809 0.0 0.82 1.02 1.11
-0.3 75 1987.081967 1994.415301 2007.942623 2010.644809 0.0 0.82 1.02 1.11
-0.3 100 1987.081967 1994.415301 2007.942623 2010.644809 0.0 0.82 1.02 1.11
-0.3 125 1987.081967 1994.415301 2007.942623 2010.644809 0.0 0.82 1.02 1.11
-0.2 25 1987.081967 1994.415301 2007.942623 2010.644809 0.0 0.33 0.98 1.09
-0.2 50 1987.081967 1994.415301 2007.942623 2010.644809 0.0 0.33 0.98 1.09
-0.2 75 1987.081967 1994.415301 2007.942623 2010.644809 0.0 0.33 0.98 1.09
-0.2 100 1987.081967 1994.415301 2007.942623 2010.644809 0.0 0.33 0.98 1.09
-0.2 125 1987.081967 1994.415301 2007.942623 2010.644809 0.0 0.33 0.98 1.09
-0.1 25 1987.081967 1994.415301 2007.942623 2010.644809 0.0 0.33 0.98 1.09
-0.1 50 1987.081967 1994.415301 2007.942623 2010.644809 0.0 0.33 0.98 1.09
-0.1 75 1987.081967 1994.415301 2007.942623 2010.644809 0.0 0.33 0.98 1.09
-0.1 100 1987.081967 1994.415301 2007.942623 2010.644809 0.0 0.33 0.98 1.09
-0.1 125 1987.081967 1994.415301 2007.942623 2010.644809 0.0 0.33 0.98 1.09
0.0 25 1987.081967 1994.415301 2007.942623 2010.644809 0.0 0.26 0.24 0.53
0.0 50 1987.081967 1994.415301 2007.942623 2010.644809 0.0 0.26 0.24 0.53
0.0 75 1987.081967 1994.415301 2007.942623 2010.644809 0.0 0.26 0.24 0.53
0.0 100 1987.081967 1994.415301 2007.942623 2010.644809 0.0 0.26 0.24 0.53
0.0 125 1987.081967 1994.415301 2007.942623 2010.644809 0.0 0.26 0.24 0.53
0.1 25 1987.081967 1994.415301 2007.942623 2010.644809 0.0 0.19 0.19 0.5
0.1 50 1987.081967 1994.415301 2007.942623 2010.644809 0.0 0.19 0.19 0.5
0.1 75 1987.081967 1994.415301 2007.942623 2010.644809 0.0 0.19 0.19 0.5
0.1 100 1987.081967 1994.415301 2007.942623 2010.644809 0.0 0.19 0.19 0.5
0.1 125 1987.081967 1994.415301 2007.942623 2010.644809 0.0 0.19 0.19 0.5
0.2 25 1987.081967 1994.415301 2007.942623 2010.644809 0.0 0.14 0.19 0.49
0.2 50 1987.081967 1994.415301 2007.942623 2010.644809 0.0 0.14 0.19 0.49
0.2 75 1987.081967 1994.415301 2007.942623 2010.644809 0.0 0.14 0.19 0.49
0.2 100 1987.081967 1994.415301 2007.942623 2010.644809 0.0 0.14 0.19 0.49
0.2 125 1987.081967 1994.415301 2007.942623 2010.644809 0.0 0.14 0.19 0.49
