-1.0 25 1980.47541 1981.691257 1988.448087 2008.617486 0.7951 3.99 6.06 8.192999999999998
-1.0 50 1980.47541 1981.691257 1988.448087 2008.617486 0.7951 3.99 6.06 8.192999999999998
-1.0 75 1980.47541 1981.691257 1988.448087 2008.617486 0.7951 3.99 6.06 8.192999999999998
-1.0 100 1980.47541 1981.691257 1988.448087 2008.617486 0.7951 3.99 6.06 8.192999999999998
-1.0 125 1980.47541 1981.691257 1988.448087 2008.617486 0.7951 3.99 6.06 8.192999999999998
-0.9 25 1980.47541 1981.691257 1988.448087 2008.617486 0.7951 3.99 5.49 7.243199999999999
-0.9 50 1980.47541 1981.691257 1988.448087 2008.617486 0.7951 3.99 5.49 7.243199999999999
-0.9 75 1980.47541 1981.691257 1988.448087 2008.617486 0.7951 3.99 5.49 7.243199999999999
-0.9 100 1980.47541 1981.691257 1988.448087 2008.617486 0.7951 3.99 5.49 7.243199999999999
-0.9 125 1980.47541 1981.691257 1988.448087 2008.617486 0.7951 3.99 5.49 7.243199999999999
-0.8 25 1980.47541 1981.691257 1988.448087 2008.617486 0.7951 3.99 5.05 6.8039
-0.8 50 1980.47541 1981.691257 1988.448087 2008.617486 0.7951 3.99 5.05 6.8039
-0.8 75 1980.47541 1981.691257 1988.448087 2008.617486 0.7951 3.99 5.05 6.8039
-0.8 100 1980.47541 1981.691257 1988.448087 2008.617486 0.7951 3.99 5.05 6.8039
-0.8 125 1980.47541 1981.691257 1988.448087 2008.617486 0.7951 3.99 5.05 6.8039
-0.7 25 1980.47541 1981.691257 1988.448087 2008.617486 0.7951 3.99 3.84 6.280200000000001
-0.7 50 1980.47541 1981.691257 1988.448087 2008.617486 0.7951 3.99 3.84 6.280200000000001
-0.7 75 1980.47541 1981.691257 1988.448087 2008.617486 0.7951 3.99 3.84 6.280200000000001
-0.7 100 1980.47541 1981.691257 1988.448087 2008.617486 0.7951 3.99 3.84 6.280200000000001
-0.7 125 1980.47541 1981.691257 1988.448087 2008.617486 0.7951 3.99 3.84 6.280200000000001
-0.6 25 1980.47541 1981.691257 1988.448087 2008.617486 0.7951 3.99 3.25 6.0476
-0.6 50 1980.47541 1981.691257 1988.448087 2008.617486 0.7951 3.99 3.25 6.0476
-0.6 75 1980.47541 1981.691257 1988.448087 2008.617486 0.7951 3.99 3.25 6.0476
-0.6 100 1980.47541 1981.691257 1988.448087 2008.617486 0.7951 3.99 3.25 6.0476
-0.6 125 1980.47541 1981.691257 1988.448087 2008.617486 0.7951 3.99 3.25 6.0476
-0.5 25 1980.47541 1981.691257 1988.448087 2008.617486 0.0 0.46 2.18 3.5242
-0.5 50 1980.47541 1981.691257 1988.448087 2008.617486 0.0 0.46 2.18 3.5242
-0.5 75 1980.47541 1981.691257 1988.448087 2008.617486 0.0 0.46 2.18 3.5242
-0.5 100 1980.47541 1981.691257 1988.448087 2008.617486 0.0 0.46 2.18 3.5242
-0.5 125 1980.47541 1981.691257 1988.448087 2008.617486 0.0 0.46 2.18 3.5242
-0.4 25 1980.47541 1981.691257 1988.448087 2008.617486 0.0 0.46 1.34 3.3804
-0.4 50 1980.47541 1981.691257 1988.448087 2008.617486 0.0 0.46 1.34 3.3804
-0.4 75 1980.47541 1981.691257 1988.448087 2008.617486 0.0 0.46 1.34 3.3804
-0.4 100 1980.47541 1981.691257 1988.448087 2008.617486 0.0 0.46 1.34 3.3804
-0.4 125 1980.47541 1981.691257 1988.448087 2008.617486 0.0 0.46 1.34 3.3804
-0.3 25 1980.47541 1981.691257 1988.448087 2008.617486 0.0 0.46 1.34 2.7605999999999997
-0.3 50 1980.47541 1981.691257 1988.448087 2008.617486 0.0 0.46 1.34 2.7605999999999997
-0.3 75 1980.47541 1981.691257 1988.448087 2008.617486 0.0 0.46 1.34 2.7605999999999997
-0.3 100 1980.47541 1981.691257 1988.448087 2008.617486 0.0 0.46 1.34 2.7605999999999997
-0.3 125 1980.47541 1981.691257 1988.448087 2008.617486 0.0 0.46 1.34 2.7605999999999997
-0.2 25 1980.47541 1981.691257 1988.448087 2008.617486 0.0 0.46 1.34 2.711
-0.2 50 1980.47541 1981.691257 1988.448087 2008.617486 0.0 0.46 1.34 2.711
-0.2 75 1980.47541 1981.691257 1988.448087 2008.617486 0.0 0.46 1.34 2.711
-0.2 100 1980.47541 1981.691257 1988.448087 2008.617486 0.0 0.46 1.34 2.711
-0.2 125 1980.47541 1981.691257 1988.448087 2008.617486 0.0 0.46 1.34 2.711
-0.1 25 1980.47541 1981.691257 1988.448087 2008.617486 0.0 0.0 1.21 2.3732
-0.1 50 1980.47541 1981.691257 1988.448087 2008.617486 0.0 0.0 1.21 2.3732
-0.1 75 1980.47541 1981.691257 1988.448087 2008.617486 0.0 0.0 1.21 2.3732
-0.1 100 1980.47541 1981.691257 1988.448087 2008.617486 0.0 0.0 1.21 2.3732
-0.1 125 1980.47541 1981.691257 1988.448087 2008.617486 0.0 0.0 1.21 2.3732
0.0 25 1980.47541 1981.691257 1988.448087 2008.617486 0.0 0.0 0.0 1.1115000000000002
0.0 50 1980.47541 1981.691257 1988.448087 2008.617486 0.0 0.0 0.0 1.1115000000000002
0.0 75 1980.47541 1981.691257 1988.448087 2008.617486 0.0 0.0 0.0 1.1115000000000002
0.0 100 1980.47541 1981.691257 1988.448087 2008.617486 0.0 0.0 0.0 1.1115000000000002
0.0 125 1980.47541 1981.691257 1988.448087 2008.617486 0.0 0.0 0.0 1.1115000000000002
0.1 25 1980.47541 1981.691257 1988.448087 2008.617486 0.0 0.0 0.0 1.0229000000000001
0.1 50 1980.47541 1981.691257 1988.448087 2008.617486 0.0 0.0 0.0 1.0229000000000001
0.1 75 1980.47541 1981.691257 1988.448087 2008.617486 0.0 0.0 0.0 1.0229000000000001
0.1 100 1980.47541 1981.691257 1988.448087 2008.617486 0.0 0.0 0.0 1.0229000000000001
0.1 125 1980.47541 1981.691257 1988.448087 2008.617486 0.0 0.0 0.0 1.0229000000000001
0.2 25 1980.47541 1981.691257 1988.448087 2008.617486 0.0 0.0 0.0 0.0
0.2 50 1980.47541 1981.691257 1988.448087 2008.617486 0.0 0.0 0.0 0.0
0.2 75 1980.47541 1981.691257 1988.448087 2008.617486 0.0 0.0 0.0 0.0
0.2 100 1980.47541 1981.691257 1988.448087 2008.617486 0.0 0.0 0.0 0.0
0.2 125 1980.47541 1981.691257 1988.448087 2008.617486 0.0 0.0 0.0 0.0
