-1.0 25 2007.661202 2007.661202 2009.724044 2010.784153 9.0 9.0 34.29 26.52
-1.0 50 2007.661202 2007.661202 2009.724044 2010.784153 9.0 9.0 34.29 26.52
-1.0 75 2007.661202 2007.661202 2009.724044 2010.784153 9.0 9.0 34.29 26.52
-1.0 100 2007.661202 2007.661202 2009.724044 2010.784153 9.0 9.0 34.29 26.52
-1.0 125 2007.661202 2007.661202 2009.724044 2010.784153 9.0 9.0 34.29 26.52
-0.9 25 2007.661202 2007.661202 2009.724044 2010.784153 9.0 9.0 30.7 24.62
-0.9 50 2007.661202 2007.661202 2009.724044 2010.784153 9.0 9.0 30.7 24.62
-0.9 75 2007.661202 2007.661202 2009.724044 2010.784153 9.0 9.0 30.7 24.62
-0.9 100 2007.661202 2007.661202 2009.724044 2010.784153 9.0 9.0 30.7 24.62
-0.9 125 2007.661202 2007.661202 2009.724044 2010.784153 9.0 9.0 30.7 24.62
-0.8 25 2007.661202 2007.661202 2009.724044 2010.784153 8.92 8.92 30.66 20.32
-0.8 50 2007.661202 2007.661202 2009.724044 2010.784153 8.92 8.92 30.66 20.32
-0.8 75 2007.661202 2007.661202 2009.724044 2010.784153 8.92 8.92 30.66 20.32
-0.8 100 2007.661202 2007.661202 2009.724044 2010.784153 8.92 8.92 30.66 20.32
-0.8 125 2007.661202 2007.661202 2009.724044 2010.784153 8.92 8.92 30.66 20.32
-0.7 25 2007.661202 2007.661202 2009.724044 2010.784153 4.5 4.5 28.68 19.19
-0.7 50 2007.661202 2007.661202 2009.724044 2010.784153 4.5 4.5 28.68 19.19
-0.7 75 2007.661202 2007.661202 2009.724044 2010.784153 4.5 4.5 28.68 19.19
-0.7 100 2007.661202 2007.661202 2009.724044 2010.784153 4.5 4.5 28.68 19.19
-0.7 125 2007.661202 2007.661202 2009.724044 2010.784153 4.5 4.5 28.68 19.19
-0.6 25 2007.661202 2007.661202 2009.724044 2010.784153 4.49 4.49 30.15 20.03
-0.6 50 2007.661202 2007.661202 2009.724044 2010.784153 4.49 4.49 30.15 20.03
-0.6 75 2007.661202 2007.661202 2009.724044 2010.784153 4.49 4.49 30.15 20.03
-0.6 100 2007.661202 2007.661202 2009.724044 2010.784153 4.49 4.49 30.15 20.03
-0.6 125 2007.661202 2007.661202 2009.724044 2010.784153 4.49 4.49 30.15 20.03
-0.5 25 2007.661202 2007.661202 2009.724044 2010.784153 4.46 4.46 30.14 21.88
-0.5 50 2007.661202 2007.661202 2009.724044 2010.784153 4.46 4.46 30.14 21.88
-0.5 75 2007.661202 2007.661202 2009.724044 2010.784153 4.46 4.46 30.14 21.88
-0.5 100 2007.661202 2007.661202 2009.724044 2010.784153 4.46 4.46 30.14 21.88
-0.5 125 2007.661202 2007.661202 2009.724044 2010.784153 4.46 4.46 30.14 21.88
-0.4 25 2007.661202 2007.661202 2009.724044 2010.784153 4.31 4.31 23.94 17.38
-0.4 50 2007.661202 2007.661202 2009.724044 2010.784153 4.31 4.31 23.94 17.38
-0.4 75 2007.661202 2007.661202 2009.724044 2010.784153 4.31 4.31 23.94 17.38
-0.4 100 2007.661202 2007.661202 2009.724044 2010.784153 4.31 4.31 23.94 17.38
-0.4 125 2007.661202 2007.661202 2009.724044 2010.784153 4.31 4.31 23.94 17.38
-0.3 25 2007.661202 2007.661202 2009.724044 2010.784153 4.43 4.43 15.15 11.0
-0.3 50 2007.661202 2007.661202 2009.724044 2010.784153 4.43 4.43 15.15 11.0
-0.3 75 2007.661202 2007.661202 2009.724044 2010.784153 4.43 4.43 15.15 11.0
-0.3 100 2007.661202 2007.661202 2009.724044 2010.784153 4.43 4.43 15.15 11.0
-0.3 125 2007.661202 2007.661202 2009.724044 2010.784153 4.43 4.43 15.15 11.0
-0.2 25 2007.661202 2007.661202 2009.724044 2010.784153 4.4 4.4 15.13 10.98
-0.2 50 2007.661202 2007.661202 2009.724044 2010.784153 4.4 4.4 15.13 10.98
-0.2 75 2007.661202 2007.661202 2009.724044 2010.784153 4.4 4.4 15.13 10.98
-0.2 100 2007.661202 2007.661202 2009.724044 2010.784153 4.4 4.4 15.13 10.98
-0.2 125 2007.661202 2007.661202 2009.724044 2010.784153 4.4 4.4 15.13 10.98
-0.1 25 2007.661202 2007.661202 2009.724044 2010.784153 4.36 4.36 15.13 10.98
-0.1 50 2007.661202 2007.661202 2009.724044 2010.784153 4.36 4.36 15.13 10.98
-0.1 75 2007.661202 2007.661202 2009.724044 2010.784153 4.36 4.36 15.13 10.98
-0.1 100 2007.661202 2007.661202 2009.724044 2010.784153 4.36 4.36 15.13 10.98
-0.1 125 2007.661202 2007.661202 2009.724044 2010.784153 4.36 4.36 15.13 10.98
0.0 25 2007.661202 2007.661202 2009.724044 2010.784153 4.36 4.36 15.13 10.98
0.0 50 2007.661202 2007.661202 2009.724044 2010.784153 4.36 4.36 15.13 10.98
0.0 75 2007.661202 2007.661202 2009.724044 2010.784153 4.36 4.36 15.13 10.98
0.0 100 2007.661202 2007.661202 2009.724044 2010.784153 4.36 4.36 15.13 10.98
0.0 125 2007.661202 2007.661202 2009.724044 2010.784153 4.36 4.36 15.13 10.98
0.1 25 2007.661202 2007.661202 2009.724044 2010.784153 4.59 4.59 15.27 11.09
0.1 50 2007.661202 2007.661202 2009.724044 2010.784153 4.59 4.59 15.27 11.09
0.1 75 2007.661202 2007.661202 2009.724044 2010.784153 4.59 4.59 15.27 11.09
0.1 100 2007.661202 2007.661202 2009.724044 2010.784153 4.59 4.59 15.27 11.09
0.1 125 2007.661202 2007.661202 2009.724044 2010.784153 4.59 4.59 15.27 11.09
0.2 25 2007.661202 2007.661202 2009.724044 2010.784153 4.59 4.59 11.53 8.37
0.2 50 2007.661202 2007.661202 2009.724044 2010.784153 4.59 4.59 11.53 8.37
0.2 75 2007.661202 2007.661202 2009.724044 2010.784153 4.59 4.59 11.53 8.37
0.2 100 2007.661202 2007.661202 2009.724044 2010.784153 4.59 4.59 11.53 8.37
0.2 125 2007.661202 2007.661202 2009.724044 2010.784153 4.59 4.59 11.53 8.37
